{"nbformat":4,"nbformat_minor":0,"metadata":{"colab":{"provenance":[],"authorship_tag":"ABX9TyN+MQhoQHd6Cy5C2K5mxxpK"},"kernelspec":{"name":"python3","display_name":"Python 3"},"language_info":{"name":"python"}},"cells":[{"cell_type":"markdown","source":["Hafidz Muhammad Rizky - 24084524 -  WIA1007 INTRODUCTION TO DATA SCIENCE\n","\n","**Tutorial 3**"],"metadata":{"id":"USIgKRWietho"}},{"cell_type":"code","execution_count":1,"metadata":{"id":"nHVofqT8dPhk","executionInfo":{"status":"ok","timestamp":1761800009962,"user_tz":-480,"elapsed":9,"user":{"displayName":"Hafidz M Rizky","userId":"03074717554820378442"}}},"outputs":[],"source":["import numpy as np"]},{"cell_type":"code","source":["# 1. Numpy Array of 2x2\n","npArr1 = np.array([[1,2], [3,4]])\n","print(npArr1)\n","print(\"Shape of:\", npArr1.shape)"],"metadata":{"colab":{"base_uri":"https://localhost:8080/"},"id":"alph8PIcdX0w","executionInfo":{"status":"ok","timestamp":1761800197854,"user_tz":-480,"elapsed":18,"user":{"displayName":"Hafidz M Rizky","userId":"03074717554820378442"}},"outputId":"a6609bc6-e286-4552-cdc1-50f84a52fe09"},"execution_count":11,"outputs":[{"output_type":"stream","name":"stdout","text":["[[1 2]\n"," [3 4]]\n","Shape of: (2, 2)\n"]}]},{"cell_type":"code","source":["# 2. Random Numpy Array with size of 3x4\n","npArr2 = np.random.random((3,4))\n","print(npArr2)\n","print(\"Shape of:\",npArr2.shape)"],"metadata":{"colab":{"base_uri":"https://localhost:8080/"},"id":"zWaIkIHZd5Xj","executionInfo":{"status":"ok","timestamp":1761800220762,"user_tz":-480,"elapsed":55,"user":{"displayName":"Hafidz M Rizky","userId":"03074717554820378442"}},"outputId":"2cd297ba-3b2a-40dd-d7d8-99871049d6e2"},"execution_count":14,"outputs":[{"output_type":"stream","name":"stdout","text":["[[0.23476344 0.82596335 0.17713961 0.3630822 ]\n"," [0.65163373 0.77360077 0.25958697 0.28962313]\n"," [0.34670057 0.56470318 0.56538808 0.93868944]]\n","Shape of: (3, 4)\n"]}]},{"cell_type":"code","source":["# 3. Numpy Array of ones and zeros\n","npArr3 = np.ones((2,2))\n","npArr4 = np.zeros((2,2))\n","print(npArr3)\n","print(\"Shape of ones:\", npArr3.shape)\n","print(npArr4)\n","print(\"Shape of zeros:\", npArr4.shape)"],"metadata":{"colab":{"base_uri":"https://localhost:8080/"},"id":"5JNdVLYMeL0S","executionInfo":{"status":"ok","timestamp":1761800266716,"user_tz":-480,"elapsed":10,"user":{"displayName":"Hafidz M Rizky","userId":"03074717554820378442"}},"outputId":"6d4257c0-0b64-4ada-ff83-bac9af15a4ca"},"execution_count":15,"outputs":[{"output_type":"stream","name":"stdout","text":["[[1. 1.]\n"," [1. 1.]]\n","Shape of ones: (2, 2)\n","[[0. 0.]\n"," [0. 0.]]\n","Shape of zeros: (2, 2)\n"]}]},{"cell_type":"code","source":["# 4. Random numpy arr of size 6x3, then transpose\n","npArr5 = np.random.random((6,3))\n","print(\"Normal:\\n\", npArr5)\n","npArr5_T = npArr5.T\n","print(\"Transposed:\\n\", npArr5_T)"],"metadata":{"colab":{"base_uri":"https://localhost:8080/"},"id":"yj31ZdufeszY","executionInfo":{"status":"ok","timestamp":1761800455310,"user_tz":-480,"elapsed":20,"user":{"displayName":"Hafidz M Rizky","userId":"03074717554820378442"}},"outputId":"da3211da-9918-45cf-842a-31d2e6975c05"},"execution_count":21,"outputs":[{"output_type":"stream","name":"stdout","text":["Normal:\n"," [[0.89967104 0.96275251 0.02994053]\n"," [0.47061282 0.71718785 0.42545075]\n"," [0.36639708 0.73156115 0.83639311]\n"," [0.5715006  0.49029112 0.22569093]\n"," [0.74700904 0.20955128 0.05115911]\n"," [0.19941954 0.88478293 0.22617744]]\n","Transposed:\n"," [[0.89967104 0.47061282 0.36639708 0.5715006  0.74700904 0.19941954]\n"," [0.96275251 0.71718785 0.73156115 0.49029112 0.20955128 0.88478293]\n"," [0.02994053 0.42545075 0.83639311 0.22569093 0.05115911 0.22617744]]\n"]}]},{"cell_type":"code","source":["# 5. Two random numpy array size of n x p, and p x m, then compute the dot product\n","n = np.random.randint(2,5)\n","p = np.random.randint(2,5)\n","m = np.random.randint(2,5)\n","\n","npArr6 = np.random.random((n,p))\n","npArr7 = np.random.random((p,m))\n","print(\"First array:\\n\", npArr6, \"\\n Shape of first Array: \", npArr6.shape)\n","print(\"Second array:\\n\", npArr7, \"\\n Shape of second Array: \", npArr7.shape)\n","\n","npArr8 = np.dot(npArr6, npArr7)\n","print(\"Dot product:\\n\", npArr8)"],"metadata":{"colab":{"base_uri":"https://localhost:8080/"},"id":"PvCvsw8vf1K-","executionInfo":{"status":"ok","timestamp":1761801500184,"user_tz":-480,"elapsed":27,"user":{"displayName":"Hafidz M Rizky","userId":"03074717554820378442"}},"outputId":"65624f23-a946-405d-ce41-d4c94e354536"},"execution_count":60,"outputs":[{"output_type":"stream","name":"stdout","text":["First array:\n"," [[0.50829969 0.21765135]\n"," [0.34691862 0.56121894]\n"," [0.74900374 0.29104898]\n"," [0.20829892 0.86397981]] \n"," Shape of first Array:  (4, 2)\n","Second array:\n"," [[0.05347273 0.3117487  0.74863223 0.6839758 ]\n"," [0.23373019 0.25419771 0.7296569  0.18806924]] \n"," Shape of second Array:  (2, 4)\n","Dot product:\n"," [[0.07805186 0.21378824 0.53934034 0.38859821]\n"," [0.1497245  0.250812   0.66921173 0.34283196]\n"," [0.10807821 0.30748493 0.77309424 0.56703779]\n"," [0.21307648 0.28455861 0.78634811 0.30495945]]\n"]}]},{"cell_type":"code","source":["\n"],"metadata":{"id":"YCb--3ivhbOW"},"execution_count":null,"outputs":[]}]}